10 0.86 0.4774436090225564 0.11333333333333333 0.3233082706766917
10 0.19833333333333333 0.5375939849624061 0.21666666666666667 0.518796992481203
11 0.20916666666666667 0.5451127819548872 0.23833333333333334 0.9097744360902256
11 0.6825 0.5476190476190477 0.225 0.9047619047619048
11 0.8683333333333333 0.568922305764411 0.16 0.7769423558897243
10 0.7016666666666667 0.581453634085213 0.18333333333333332 0.506265664160401
9 0.24083333333333334 0.15037593984962405 0.13166666666666665 0.12531328320802004
8 0.655 0.17167919799498746 0.15333333333333332 0.15288220551378445
9 0.145 0.17919799498746866 0.07666666666666666 0.10275689223057644
9 0.9041666666666667 0.24310776942355888 0.08833333333333333 0.10025062656641603
