8 0.7929166666666667 0.3375 0.1125 0.125
8 0.42375 0.33875 0.07083333333333333 0.09
8 0.5279166666666667 0.355 0.07916666666666666 0.1025
8 0.6125 0.359375 0.08166666666666667 0.10625
11 0.43375 0.44875 0.11083333333333334 0.34
10 0.43375 0.48875 0.0775 0.1775
10 0.5433333333333333 0.54125 0.10333333333333333 0.25
10 0.6354166666666666 0.576875 0.09416666666666666 0.30875
11 0.5304166666666666 0.595 0.1125 0.59
10 0.85 0.625 0.13166666666666665 0.4
11 0.84 0.63125 0.20666666666666667 0.7375
11 0.6416666666666667 0.65 0.15666666666666668 0.7
8 0.32625 0.660625 0.07083333333333333 0.13375
10 0.44916666666666666 0.73625 0.18333333333333332 0.2525
11 0.42375 0.789375 0.2875 0.42125
