8 0.13125 0.20164126611957797 0.0625 0.07502930832356389
8 0.302734375 0.22626025791324736 0.06796875 0.07971864009378664
8 0.377734375 0.2508792497069168 0.06484375 0.08206330597889801
8 0.724609375 0.25263774912075027 0.07265625 0.0738569753810082
8 0.487890625 0.25908558030480655 0.06484375 0.08675263774912075
8 0.817578125 0.2637749120750293 0.08671875 0.08675263774912075
8 0.20859375 0.2661195779601407 0.075 0.08909730363423213
8 0.598828125 0.3159437280187573 0.06796875 0.07151230949589683
12 0.12421875 0.4026963657678781 0.0953125 0.20984759671746775
12 0.716015625 0.4249706916764361 0.09921875 0.18405627198124266
12 0.4953125 0.43669402110199296 0.0875 0.19577960140679954
12 0.373046875 0.4449003516998828 0.08515625 0.20046893317702227
12 0.830078125 0.4671746776084408 0.12734375 0.1981242672919109
12 0.22421875 0.46893317702227433 0.0921875 0.2250879249706917
12 0.607421875 0.5064478311840562 0.08515625 0.2063305978898007
11 0.1328125 0.5169988276670574 0.1 0.6963657678780774
11 0.501953125 0.5345838218053928 0.13203125 0.6025791324736225
11 0.391015625 0.5357561547479485 0.10078125 0.6447831184056272
11 0.71953125 0.5363423212192263 0.1296875 0.6412661195779601
11 0.21484375 0.556271981242673 0.125 0.6858147713950762
11 0.602734375 0.5855803048065651 0.09453125 0.6154747948417351
11 0.845703125 0.5914419695193435 0.14765625 0.7561547479484173
