8 0.359375 0.3055555555555556 0.060546875 0.10069444444444445
8 0.4140625 0.3324652777777778 0.072265625 0.11284722222222222
8 0.03955078125 0.3342013888888889 0.0791015625 0.17881944444444445
8 0.55615234375 0.3394097222222222 0.0712890625 0.1267361111111111
8 0.1728515625 0.3411458333333333 0.06640625 0.11979166666666667
8 0.76220703125 0.3472222222222222 0.0673828125 0.14583333333333334
8 0.23291015625 0.3923611111111111 0.0849609375 0.12152777777777778
10 0.5703125 0.5130208333333334 0.1015625 0.21354166666666666
10 0.40771484375 0.5434027777777778 0.1123046875 0.2708333333333333
10 0.765625 0.5694444444444444 0.119140625 0.3159722222222222
11 0.0556640625 0.6223958333333334 0.111328125 0.7552083333333334
11 0.4130859375 0.6362847222222222 0.123046875 0.7274305555555556
11 0.75439453125 0.6388888888888888 0.1435546875 0.7222222222222222
10 0.22998046875 0.640625 0.1142578125 0.3402777777777778
11 0.5712890625 0.6440972222222222 0.1328125 0.7118055555555556
11 0.23486328125 0.6657986111111112 0.1318359375 0.6684027777777778
10 0.04931640625 0.6840277777777778 0.0986328125 0.4375
