8 0.876 0.31866666666666665 0.092 0.09866666666666667
8 0.737 0.364 0.05 0.06133333333333333
8 0.191 0.38133333333333336 0.062 0.08533333333333333
8 0.46 0.388 0.064 0.06133333333333333
10 0.459 0.48533333333333334 0.106 0.13866666666666666
10 0.205 0.492 0.094 0.17333333333333334
10 0.671 0.49866666666666665 0.098 0.176
10 0.877 0.5053333333333333 0.17 0.21066666666666667
11 0.198 0.552 0.096 0.432
11 0.458 0.5706666666666667 0.1 0.44266666666666665
11 0.66 0.5746666666666667 0.088 0.47733333333333333
11 0.865 0.632 0.182 0.7306666666666667
