8 0.5481770833333334 0.43148148148148147 0.0203125 0.03148148148148148
8 0.6309895833333333 0.4444444444444444 0.0171875 0.03333333333333333
8 0.39296875 0.45416666666666666 0.0234375 0.03796296296296296
10 0.659375 0.46574074074074073 0.028125 0.07222222222222222
10 0.55625 0.4810185185185185 0.026041666666666668 0.06944444444444445
11 0.6609375 0.4810185185185185 0.0375 0.15833333333333333
8 0.38619791666666664 0.48148148148148145 0.015104166666666667 0.02962962962962963
11 0.5559895833333334 0.4930555555555556 0.0484375 0.1787037037037037
10 0.6317708333333333 0.49398148148148147 0.021875 0.07314814814814814
11 0.6338541666666667 0.5101851851851852 0.03958333333333333 0.18333333333333332
10 0.39401041666666664 0.5328703703703703 0.027604166666666666 0.06759259259259259
11 0.39114583333333336 0.5481481481481482 0.03333333333333333 0.17037037037037037
