8 0.81875 0.48333333333333334 0.0640625 0.09166666666666666
9 0.192578125 0.4888888888888889 0.04453125 0.06388888888888888
8 0.411328125 0.5138888888888888 0.04921875 0.08611111111111111
9 0.718359375 0.5215277777777778 0.05703125 0.0763888888888889
10 0.196484375 0.6138888888888889 0.06953125 0.16666666666666666
10 0.408203125 0.6375 0.09296875 0.19166666666666668
11 0.214453125 0.6666666666666666 0.12734375 0.43333333333333335
10 0.805078125 0.6722222222222223 0.08984375 0.2111111111111111
11 0.816015625 0.6861111111111111 0.11171875 0.4888888888888889
11 0.412890625 0.6958333333333333 0.11171875 0.4583333333333333
11 0.697265625 0.6958333333333333 0.12421875 0.44166666666666665
10 0.701171875 0.7055555555555556 0.11015625 0.23333333333333334
