8 0.8375 0.32875 0.10833333333333334 0.1275
11 0.44166666666666665 0.55875 0.22 0.8825
10 0.6483333333333333 0.57 0.19666666666666666 0.445
11 0.2025 0.58125 0.235 0.8175
11 0.6516666666666666 0.58125 0.19666666666666666 0.8375
10 0.4558333333333333 0.5825 0.23833333333333334 0.5
11 0.8641666666666666 0.63125 0.245 0.7375
10 0.8583333333333333 0.63875 0.18666666666666668 0.3675
8 0.4708333333333333 0.185 0.105 0.115
8 0.6383333333333333 0.2125 0.09666666666666666 0.115
8 0.25916666666666666 0.23625 0.12166666666666667 0.1425
