8 0.38625 0.3273921200750469 0.06 0.08442776735459662
8 0.73375 0.350844277673546 0.0475 0.07129455909943715
8 0.686875 0.35365853658536583 0.05875 0.09193245778611632
8 0.83125 0.3545966228893058 0.055 0.0825515947467167
8 0.505 0.3705440900562852 0.0575 0.08067542213883677
8 0.33875 0.3780487804878049 0.05 0.06566604127579738
8 0.216875 0.41838649155722324 0.05625 0.07879924953095685
12 0.38125 0.5056285178236398 0.1 0.18574108818011256
12 0.68125 0.5215759849906192 0.085 0.18761726078799248
12 0.82625 0.5272045028142589 0.105 0.19887429643527205
12 0.499375 0.5431519699812383 0.09125 0.19699812382739212
12 0.58625 0.549718574108818 0.07 0.19136960600375236
12 0.2825 0.5694183864915572 0.085 0.19699812382739212
12 0.20125 0.5703564727954972 0.07 0.19887429643527205
11 0.675625 0.5834896810506567 0.08125 0.551594746716698
11 0.379375 0.5872420262664165 0.12375 0.6041275797373359
11 0.595625 0.6013133208255159 0.09125 0.4971857410881801
11 0.8325 0.6050656660412758 0.1025 0.5722326454033771
11 0.505625 0.6125703564727955 0.11375 0.5647279549718575
11 0.283125 0.6350844277673546 0.09125 0.5159474671669794
