8 0.5239583333333333 0.26166666666666666 0.06458333333333334 0.0811111111111111
8 0.8611111111111112 0.26666666666666666 0.06111111111111111 0.07777777777777778
8 0.23194444444444445 0.2683333333333333 0.06805555555555555 0.08777777777777777
8 0.3784722222222222 0.27111111111111114 0.0763888888888889 0.09333333333333334
8 0.6868055555555556 0.27111111111111114 0.07777777777777778 0.08888888888888889
12 0.5225694444444444 0.42833333333333334 0.09652777777777778 0.2477777777777778
12 0.3836805555555556 0.43666666666666665 0.11041666666666666 0.22444444444444445
12 0.7013888888888888 0.43833333333333335 0.12777777777777777 0.22777777777777777
12 0.22083333333333333 0.4533333333333333 0.09722222222222222 0.26
10 0.8645833333333334 0.4672222222222222 0.10694444444444444 0.27
11 0.5232638888888889 0.5294444444444445 0.15625 0.6388888888888888
11 0.21597222222222223 0.5316666666666666 0.15138888888888888 0.6233333333333333
11 0.8677083333333333 0.535 0.15763888888888888 0.6522222222222223
11 0.37777777777777777 0.5383333333333333 0.15416666666666667 0.6388888888888888
11 0.6920138888888889 0.5411111111111111 0.14375 0.64
