8 0.8875 0.33 0.08166666666666667 0.07
8 0.19666666666666666 0.3475 0.06 0.055
8 0.4708333333333333 0.365 0.04833333333333333 0.04
8 0.5433333333333333 0.37125 0.03 0.0375
8 0.30583333333333335 0.3925 0.04833333333333333 0.055
8 0.4008333333333333 0.39625 0.03833333333333333 0.0425
10 0.5458333333333333 0.515 0.06166666666666667 0.18
10 0.4741666666666667 0.52625 0.065 0.1925
10 0.4058333333333333 0.55 0.055 0.195
10 0.18583333333333332 0.57875 0.115 0.2725
10 0.315 0.58125 0.08666666666666667 0.2075
10 0.9141666666666667 0.58625 0.115 0.3425
11 0.5441666666666667 0.5875 0.075 0.51
11 0.47583333333333333 0.60875 0.085 0.5425
11 0.39916666666666667 0.64 0.085 0.57
11 0.915 0.64375 0.17 0.7125
11 0.18416666666666667 0.65375 0.14166666666666666 0.6925
11 0.31333333333333335 0.6625 0.12 0.595
