8 0.653 0.30930930930930933 0.134 0.15015015015015015
8 0.297 0.32732732732732733 0.074 0.10810810810810811
11 0.925 0.5480480480480481 0.15 0.8918918918918919
10 0.927 0.5525525525525525 0.146 0.45645645645645644
11 0.419 0.5570570570570571 0.194 0.8858858858858859
10 0.422 0.5570570570570571 0.184 0.48348348348348347
10 0.11 0.5720720720720721 0.176 0.3933933933933934
10 0.278 0.5795795795795796 0.128 0.2702702702702703
11 0.108 0.581081081081081 0.18 0.8378378378378378
10 0.658 0.6036036036036037 0.128 0.26426426426426425
10 0.77 0.6066066066066066 0.124 0.3003003003003003
11 0.775 0.6066066066066066 0.182 0.7867867867867868
11 0.655 0.6201201201201201 0.194 0.7597597597597597
11 0.283 0.6396396396396397 0.13 0.7207207207207207
8 0.949 0.1831831831831832 0.102 0.15615615615615616
8 0.464 0.2132132132132132 0.136 0.1981981981981982
8 0.128 0.23423423423423423 0.124 0.13213213213213212
8 0.757 0.25825825825825827 0.106 0.0960960960960961
