1 0.38125 0.0015625 0.071875 0.0015625 0.071875 0.45 0.38125 0.45 0.38125 0.0015625
1 0 0.9109375 0.15625 0.9109375 0.15625 0.45 0 0.45 0 0.9109375
1 0.6 0.45 0.5171875 0.45 0.5171875 0.8921875 0.6 0.8921875 0.6 0.45
1 0.5125 0.45 0.3234375 0.45 0.3234375 0.90625 0.5125 0.90625 0.5125 0.45
1 0.2921875 0.6984375 0.203125 0.6984375 0.203125 0.8890625 0.2921875 0.8890625 0.2921875 0.6984375
1 0.321875 0.45 0.2015625 0.45 0.2015625 0.6953125 0.321875 0.6953125 0.321875 0.45
1 0.3796875 0.45 0.315625 0.45 0.315625 0.5421875 0.3796875 0.5421875 0.3796875 0.45
1 0.221875 0.45 0.0984375 0.45 0.0984375 0.7125 0.221875 0.7125 0.221875 0.45
1 0.5796875 0.45 0.46875 0.45 0.46875 0.6375 0.5796875 0.6375 0.5796875 0.45
1 0.3671875 0.7046875 0.296875 0.7046875 0.296875 0.9296875 0.3671875 0.9296875 0.3671875 0.7046875
1 0.73125 1 0.73125 0.45 0.6 0.45 0.6 1 0.73125 1