1 0.6953125 0.4640625 0.6375 0.4640625 0.6375 0.634375 0.6953125 0.634375 0.6953125 0.4640625
1 0.446875 0.4734375 0.3421875 0.4734375 0.3421875 0.6375 0.446875 0.6375 0.446875 0.4734375
1 0.8765625 0.4703125 0.7546875 0.4703125 0.7546875 0.665625 0.8765625 0.665625 0.8765625 0.4703125
1 0.28125 0.484375 0.125 0.484375 0.125 0.6734375 0.28125 0.6734375 0.28125 0.484375
1 0.5765625 0.3171875 0.471875 0.3171875 0.471875 0.4265625 0.5765625 0.4265625 0.5765625 0.3171875
1 0.2296875 0.4953125 0.0625 0.4953125 0.0625 0.715625 0.2296875 0.715625 0.2296875 0.4953125
1 0.18125 0.6390625 0.121875 0.6390625 0.121875 0.7171875 0.18125 0.7171875 0.18125 0.6390625
1 0.11875 0.5140625 0.0015625 0.5140625 0.0015625 0.6421875 0.11875 0.6421875 0.11875 0.5140625
1 1 0.49375 0.93125 0.49375 0.93125 0.653125 1 0.653125 1 0.49375
1 0.96875 0.4921875 0.85625 0.4921875 0.85625 0.6265625 0.96875 0.6265625 0.96875 0.4921875
1 0.915625 0.496875 0.8671875 0.496875 0.8671875 0.596875 0.915625 0.596875 0.915625 0.496875
1 0.8890625 0.5984375 0.7890625 0.5984375 0.7890625 0.6921875 0.8890625 0.6921875 0.8890625 0.5984375