1 0.5171875 0.5515625 0.5171875 0.7296875 0.603125 0.7296875 0.603125 0.5515625 0.5171875 0.5515625
1 0.3359375 0.559375 0.3359375 0.73125 0.41875 0.73125 0.41875 0.559375 0.3359375 0.559375
1 0.21875 0.553125 0.21875 0.728125 0.3046875 0.728125 0.3046875 0.553125 0.21875 0.553125
1 0.81875 0.5515625 0.81875 0.7140625 0.91875 0.7140625 0.91875 0.5515625 0.81875 0.5515625
1 0.671875 0.6828125 0.671875 0.81875 0.8359375 0.81875 0.8359375 0.6828125 0.671875 0.6828125
1 0.1484375 0.6484375 0.1484375 0.7625 0.25625 0.7625 0.25625 0.6484375 0.1484375 0.6484375
1 0.040625 0.55625 0.040625 0.70625 0.1625 0.70625 0.1625 0.55625 0.040625 0.55625
1 0.0265625 0.6609375 0.0265625 0.8171875 0.215625 0.8171875 0.215625 0.6609375 0.0265625 0.6609375
1 0.8375 0.7515625 0.8375 0.81875 0.953125 0.81875 0.953125 0.7515625 0.8375 0.7515625
1 0.8390625 0.665625 0.8390625 0.75625 0.9078125 0.75625 0.9078125 0.665625 0.8390625 0.665625
1 0.946875 0.6796875 0.946875 0.8171875 0.9984375 0.8171875 0.9984375 0.6796875 0.946875 0.6796875
1 0.64375 0.5546875 0.64375 0.7265625 0.7234375 0.7265625 0.7234375 0.5546875 0.64375 0.5546875
1 0.8578125 0.6796875 0.8578125 0.7546875 0.9765625 0.7546875 0.9765625 0.6796875 0.8578125 0.6796875