1 0.48125 0.5515625 0.3953125 0.5515625 0.3953125 0.7296875 0.48125 0.7296875 0.48125 0.5515625
1 0.35625 0.5546875 0.2796875 0.5546875 0.2796875 0.7140625 0.35625 0.7140625 0.35625 0.5546875
1 0.7796875 0.553125 0.69375 0.553125 0.69375 0.728125 0.7796875 0.728125 0.7796875 0.553125
1 0.1796875 0.553125 0.078125 0.553125 0.078125 0.7140625 0.1796875 0.7140625 0.1796875 0.553125
1 0.9578125 0.55625 0.8359375 0.55625 0.8359375 0.7078125 0.9578125 0.7078125 0.9578125 0.55625
1 0.85 0.6484375 0.7421875 0.6484375 0.7421875 0.7625 0.85 0.7625 0.85 0.6484375
1 0.971875 0.6609375 0.784375 0.6609375 0.784375 0.8171875 0.971875 0.8171875 0.971875 0.6609375
1 0.1609375 0.7515625 0.0453125 0.7515625 0.0453125 0.81875 0.1609375 0.81875 0.1609375 0.7515625
1 0 0.8171875 0.0515625 0.8171875 0.0515625 0.6796875 0 0.6796875 0 0.8171875
1 0.1453125 0.675 0.028125 0.675 0.028125 0.7546875 0.1453125 0.7546875 0.1453125 0.675
1 0.3265625 0.6828125 0.1625 0.6828125 0.1625 0.81875 0.3265625 0.81875 0.3265625 0.6828125
1 0.6640625 0.5609375 0.5796875 0.5609375 0.5796875 0.73125 0.6640625 0.73125 0.6640625 0.5609375
1 0.3015625 0.6609375 0.24375 0.6609375 0.24375 0.715625 0.3015625 0.715625 0.3015625 0.6609375
1 0.3765625 0.7171875 0.3015625 0.7171875 0.3015625 0.815625 0.3765625 0.815625 0.3765625 0.7171875
1 0.1609375 0.6640625 0.0921875 0.6640625 0.0921875 0.75625 0.1609375 0.75625 0.1609375 0.6640625