1 0.28125 0.2984375 0.10625 0.2984375 0.10625 0.784375 0.28125 0.784375 0.28125 0.2984375
1 0.79375 0.3234375 0.6421875 0.3234375 0.6421875 0.765625 0.79375 0.765625 0.79375 0.3234375
1 0.6375 0.3015625 0.4484375 0.3015625 0.4484375 0.7796875 0.6375 0.7796875 0.6375 0.3015625
1 0.4171875 0.571875 0.328125 0.571875 0.328125 0.7625 0.4171875 0.7625 0.4171875 0.571875
1 0.446875 0.3015625 0.3265625 0.3015625 0.3265625 0.56875 0.446875 0.56875 0.446875 0.3015625
1 0.9984375 0.3421875 0.7984375 0.3421875 0.7984375 0.7875 0.9984375 0.7875 0.9984375 0.3421875
1 0.1296875 0.2875 0.0109375 0.2875 0.0109375 0.6125 0.1296875 0.6125 0.1296875 0.2875
1 0.509375 0.26875 0.440625 0.26875 0.440625 0.415625 0.509375 0.415625 0.509375 0.26875
1 0.346875 0.2734375 0.2234375 0.2734375 0.2234375 0.5859375 0.346875 0.5859375 0.346875 0.2734375
1 0.8578125 0.26875 0.7859375 0.26875 0.7859375 0.578125 0.8578125 0.578125 0.8578125 0.26875
1 0.7046875 0.2734375 0.59375 0.2734375 0.59375 0.5109375 0.7046875 0.5109375 0.7046875 0.2734375
1 0.4921875 0.578125 0.421875 0.578125 0.421875 0.803125 0.4921875 0.803125 0.4921875 0.578125