1 0.11875 0.1359375 0.11875 0.3390625 0.3125 0.3390625 0.3125 0.1359375 0.11875 0.1359375
1 0.515625 0.09375 0.515625 0.3390625 0.7109375 0.3390625 0.7109375 0.09375 0.515625 0.09375
1 0.303125 1 0.303125 0.3390625 0 0.3390625 0 1 0.303125 1
1 0.828125 0.3390625 0.828125 0.7734375 0.9796875 0.7734375 0.9796875 0.3390625 0.828125 0.3390625
1 0.634375 0.3390625 0.634375 0.7875 0.8234375 0.7875 0.8234375 0.3390625 0.634375 0.3390625
1 0.5140625 0.5796875 0.5140625 0.7703125 0.603125 0.7703125 0.603125 0.5796875 0.5140625 0.5796875
1 0.5125 0.3390625 0.5125 0.5765625 0.6328125 0.5765625 0.6328125 0.3390625 0.5125 0.3390625
1 0.6265625 0.3390625 0.6265625 0.4234375 0.690625 0.4234375 0.690625 0.3390625 0.6265625 0.3390625
1 0.46875 0.3390625 0.46875 0.59375 0.5328125 0.59375 0.5328125 0.3390625 0.46875 0.3390625
1 1 0.3390625 0.971875 0.3390625 0.971875 0.5859375 1 0.5859375 1 0.3390625
1 0.7796875 0.3390625 0.7796875 0.51875 0.890625 0.51875 0.890625 0.3390625 0.7796875 0.3390625
1 0.6078125 0.5859375 0.6078125 0.8109375 0.678125 0.8109375 0.678125 0.5859375 0.6078125 0.5859375